                                        #making checks
F <- matrix(c(0,0,0,0,0,0,
              15.7915,0,0,4.2403,1.9076,0.3262,
              0,8.1721,0,0,0,0,
              0,7.2745,1.2060,0,0,0,
              0,0.6431,1.2060,0.6609,0,0,
              0.5135,0,0,0,0.1721,0),
            nrow=6,ncol=6,byrow=TRUE)
z <- c(41.4697,0,0,0,0,0)
y <- c(25.1647,6.1759,5.7601,3.5793,0.4303,0.3594)
x <- 1e3 * c(2,1,0.0024,0.0241,0.0163,0.0692)
                                        #structural
A <- matrix(c(0,1,0,0,0,1,
              0,0,1,1,1,0,
              0,0,0,1,1,0,
              0,1,0,0,1,0,
              0,1,0,0,0,1,
              0,1,0,0,0,0),
            nrow=6)
A1 <- matrix(c(1,1,0,0,0,1,
               0,1,1,1,1,0,
               0,0,1,1,1,0,
               0,1,0,1,1,0,
               0,1,0,0,1,1,
               0,1,0,0,0,1),
             nrow=6)
                                        #throughflow
T <- c(41.4697,22.2656,8.1721,8.4805,2.5100,0.6856)
G <- matrix(c(0,0.3808,0,0,0,0.0124,
              0,0,0.3670,0.3267,0.0289,0,
              0,0,0,0.1476,0.1476,0,
              0,0.5000,0,0,0.0779,0,
              0,0.7600,0,0,0,0.0686,
              0,0.4758,0,0,0,0),
            nrow=6)
GP <- matrix(c(0,0.7092,0,0,0,0.7490,
               0,0,1.0000,0.8578,0.2562,0,
               0,0,0,0.1422,0.4805,0,
               0,0.1904,0,0,0.2633,0,
               0,0.0857,0,0,0,0.2510,
               0,0.0147,0,0,0,0),
             nrow=6)
N <- matrix(c(1.0000,0.5369,0.1971,0.2045,0.0605,0.0165,
              0,1.3885,0.5096,0.5288,0.1565,0.0107,
              0,0.2775,1.1019,0.2533,0.1904,0.0131,
              0,0.7800,0.2863,1.2971,0.1659,0.0114,
              0,1.1006,0.4039,0.4192,1.1241,0.0771,
              0,0.6606,0.2425,0.2516,0.0745,1.0051),
            nrow=6)
NP <- matrix(c(1,1,1,1,1,1,
               0,1.3885,1.3885,1.3885,1.3885,0.3485,
               0,0.1019,1.1019,0.2441,0.6198,0.1556,
               0,0.2971,0.2971,1.2971,0.5604,0.1407,
               0,0.1241,0.1241,0.1241,1.1241,0.2811,
               0,0.0203,0.0203,0.0203,0.0203,1.0051),
             nrow=6)
                                        #storage
C <- matrix(c(-0.0207,0.0079,0,0,0,0.003,
              0,-0.0223,0.0082,0.0073,0.0006,0,
              0,0,-3.3880,0.5000,0.5000,0,
              0,0.1758,0,-0.3516,0.0274,0,
              0,0.1172,0,0,-0.1542,0.0106,
              0,0.0047,0,0,0,-0.0099),
            nrow=6)
CP <- matrix(c(-0.0207,0.0158,0,0,0,0.0074,
               0,-0.0223,3.3880,0.3016,0.0395,0,
               0,0,-3.3880,0.0500,0.0741,0,
               0,0.0042,0,-0.3516,0.04406,0,
               0,0.0019,0,0,-0.1542,0.0025,
               0,0.003,0,0,0,-0.0099),
             nrow=6)
S <- matrix(c(48.2280,24.1140,0.0582,0.5817,0.3924,1.6696,
              0,62.3604,0.1504,1.5042,1.0149,1.0838,
              0,12.4643,0.3252,0.7204,1.2342,1.3181,
              0,35.0326,0.0845,3.6893,1.0754,1.1485,
              0,49.4283,0.1192,1.1923,7.2881,7.7833,
              0,29.6703,0.0716,0.7157,0.4829,101.5031),
            nrow=6)
SP <- matrix(c(48.2280,48.2280,48.2280,48.2280,48.2280,48.2280,
               0,62.3604,62.3604,62.3604,62.3604,15.6538,
               0,0.0301,0.3252,0.0720,0.1829,0.0459,
               0,0.8450,0.8450,3.6893,1.5939,0.4001,
               0,0.8044,0.8044,0.8044,7.2881,1.8295,
               0,2.0543,2.0543,2.0543,2.0543,101.5031),
             nrow=6)
P <- matrix(c(0.9948,0.0020,0,0,0,0.0001,
              0,0.9944,0.0020,0.0018,0.0002,0,
              0,0,0.1530,0.1250,0.1250,0,
              0,0.0439,0,0.9121,0.0068,0,
              0,0.0293,0,0,0.9614,0.0026,
              0,0.0012,0,0,0,0.9975),
            nrow=6)
Q <- matrix(c(192.9119,96.4560,0.2327,2.3266,1.5697,6.6783,
              0,249.4416,0.6017,6.0168,4.0594,4.3353,
              0,49.8573,1.3009,2.8816,4.9370,5.2725,
              0,140.1304,0.3380,14.7572,4.3016,4.5939,
              0,197.7131,0.4769,4.7690,29.1522,31.1334,
              0,118.6812,0.2863,2.8627,1.9314,406.0125),
            nrow=6)
dt <- 0.2500
PP <- matrix(c(0.9948,0.0039,0,0,0,0.0019,
               0,0.9944,0.8470,0.0754,0.0099,0,
               0,0,0.1530,0.0125,0.0185,0,
               0,0.0011,0,0.9121,0.0102,0,
               0,0.0005,0,0,0.9614,0.0006,
               0,0.0001,0,0,0,0.9975),
             nrow=6)
QP <- matrix(c(192.9119,192.9119,192.9119,192.9119,192.9119,192.9119,
               0,249.4416,249.4416,249.4416,249.4416,62.6151,
               0,0.1203,1.3009,0.2882,0.7317,0.1837,
               0,3.3801,3.3801,14.7572,6.3758,1.6005,
               0,3.2176,3.2176,3.2716,29.1522,7.3178,
               0,8.2171,8.2171,8.2171,8.2171,406.0125),
             nrow=6)
                                        #Control
                                        #Throughflow
CN <- matrix(c(0,0,0,0,0,0,
               1,0,0,0,0,.04724,
               1,0.8001,0,0.1475,0,0.3584,
               1,0.4382,0,0,0,0.4409,
               1,0.2074,0.3483,0.2520,0,0,
               1,0,0,0,0.7361,0),
             nrow=6)
                                        #storage
CQ <- matrix(c(0,0,0,0,0,0,
               1,-0,0,0,0,0.4724,
               1,0.8001,0,0.1475,0,0.3584,
               1,0.4832,0,0,0,0.4409,
               1,0.2074,0.3483,0.2520,0,0,
               1,0,0,0,0.7361,0),
             nrow=6)
                                        #Utility
D <- matrix(c(0,0.7092,0,0,0,0.7490,
              -0.3808,0,1,0.3578,-0.5038,-0.4758,
              0,-0.3670,0,0.1422,0.4805,0,
              0,-0.1363,-0.1476,0,0.2633,0,
              0,0.0568,-0.1476,-0.0779,0,0.2510,
              -0.0124,0.0147,0,0,-0.0686,0),
            nrow=6)
DS <- matrix(c(0,0.0158,0,0,0,0.0074,
               -0.0079,0,3.3880,0.1258,-0.0777,-0.0047,
               0,-0.0082,0,0.0500,0.0741,0,
               0,-0.0030,-0.500,0,0.0406,0,
               0,0.0013,-0.5000,-0.0274,0,0.0025,
               -0.0003,0.0003,0,0,-0.0106,0),
             nrow=6)
U <- matrix(c(0.8332,0.4244,0.3936,0.2077,0.0010,0.4224,
              -0.2228,0.5994,0.5472,0.2871,0.0664,-0.4354,
              0.0706,-0.1938,0.7414,0.0021,0.4369,0.2548,
              0.0128,-0.0539,-0.2000,0.9457,0.1663,0.0684,
              -0.0270,0.0652,-0.0609,-0.0563,0.9109,0.1774,
              -0.0117,-0.0009,0.0073,0.005,-0.0615,0.9762),
            nrow=6)
Y <- matrix(c(34.5510,9.4493,3.2164,1.7617,0.0026,0.2896,
              -9.2415,13.3455,4.4718,2.4347,0.1667,-0.2985,
              2.9291,-4.3144,6.0592,0.0175,1.0967,0.1747,
              0.5320,-0.7997,-1.6347,8.0204,0.4174,0.0469,
              -1.1207,1.4517,-0.4978,-0.4777,2.2863,0.1216,
              -0.4864,-0.0210,0.0598,0.0466,-0.1544,0.6693),
            nrow=6)
US <- matrix(c(0.9999,0.0154,0.0487,0.0043,0.0025,0.0073,
               -0.0077,0.9741,3.0821,0.2721,0.1638,-0.0042,
               0.0001,-0.0075,0.9178,0.0430,0.0703,0.0002,
               -0.0000,0.0010,-0.4862,0.9757,0.0035,0.0000,
               -0.0000,0.0050,-0.4416,-0.0479,0.9649,0.0024,
               -0.0003,0.0003,0.0057,0.0006,-0.0102,1.0000),
             nrow=6)
YS <- matrix(c(41.4646,0.3425,0.3981,0.0365,0.0063,0.0050,
                -0.3189,21.6883,25.1876,2.3079,0.4112,-0.0029,
               0.0025,-0.1679,7.5002,0.3684,0.1766,0.0001,
               -0.0003,0.0226,-3.9729,8.2746,0.0088,0.0000,
               -0.0017,0.1108,-3.6091,-0.4062,2.4219,0.0016,
               -0.0107,0.0058,0.0463,0.0050,-0.0255,0.6856),
             nrow=6)
                                        #Environs
                                        #Flow
                                        #Output
